4.252329038368770631e-01 5.904415318696751847e-01
1.549638228664188544e-01 7.187434347517122069e-01
3.174655170449827146e-01 4.155550187081268887e-01
5.572461303088503959e-01 9.558924180800424386e-01
1.616005536530518427e-01 3.719615749599866072e-01
2.587841401760781479e-01 5.305419797922741321e-01
2.355889730295206708e-01 5.549234725878778862e-01
1.616818049044686512e-01 5.327895761055370105e-01
3.826864325455974214e-01 5.704980227288877215e-01
2.880005406652718092e-01 5.569847647182645245e-01
3.359378540900962440e-01 5.288568694138462423e-01
3.525901164524843923e-01 5.244991143007361467e-01
9.526935465818596460e-02 6.928106698203603253e-01
4.633222436431300856e-02 6.411040142074182491e-01
1.695935466851752199e-02 6.270668701268831136e-01
5.348614182424395874e-02 7.639312229016170797e-01
2.901751732770783132e-01 5.927068995833035814e-01
3.295374201436076511e-01 5.974074287669124406e-01
1.573287307966089732e-01 7.228976840852230357e-01
1.773102653948397389e-01 3.924613493806793363e-01
2.682334169226013865e-01 3.812952842726791136e-01
2.894405418676835873e-01 3.984512979955945333e-01
2.405296302927467655e-01 5.069586478977838873e-01
2.557601410818772791e-01 5.109717918998570862e-01
2.067269276001496570e-01 4.649446631304359201e-01
2.117354637893821001e-01 4.630127237252452677e-01
2.662473809366933120e-01 4.987362182138769806e-01
2.822545462683596074e-01 4.644639813674180662e-01
1.768102880372077190e-01 6.827551786426790947e-01
2.598196120640692830e-01 6.236429730286133788e-01
1.342964080032153229e-01 4.966340316489632478e-01
1.650520980771654767e-01 4.523726459968215874e-01
1.670506495735748498e-01 4.321461670729347393e-01
1.143919835224529863e-01 4.972657853397858818e-01
9.894146655245880662e-02 6.145959577821564768e-01
1.680132831276980876e-01 5.483864278983283658e-01
1.653002877402901805e-01 5.451436746953575163e-01
1.458497193493492328e-02 2.858338237180468311e-01
1.739869227077761246e-02 2.853688455029085302e-01
6.767877220370062119e-01 3.920375175027531744e-01
8.556546245047412791e-01 8.230227914995720262e-01
5.573117070650706051e-01 9.528325487108508796e-01
5.574404374743404667e-01 8.113820395064830215e-01
4.645469982335423409e-01 8.844132103865782746e-01
3.858589417982348224e-01 9.119570309951121612e-01
4.040659546798974211e-01 8.871985757852619559e-01
3.469135308927440708e-01 9.335865132191831783e-01
3.920858828499785842e-01 9.766466212461675234e-01
4.753108102436584548e-01 8.768701882175544693e-01
4.921353087089886391e-01 8.761479334893850224e-01
5.094058345394039122e-01 8.576730094444376951e-01
1.363554543216390358e-01 9.774305391439591650e-01
4.463941418500018132e-01 2.928320204534948581e-02
8.781409536138953253e-01 6.164768505966468359e-02
5.796507272081218021e-02 2.495337124097784798e-01
4.192923440518487865e-01 6.444756812043928029e-02
4.045728154349043093e-01 9.128409878830359703e-02
2.650096153589469039e-01 3.453752655769496416e-01
2.144897024863725021e-01 3.084264185734609809e-01
5.456674484999175789e-02 9.197192883219585946e-01
1.223345164707304311e-01 9.696496608114153481e-01
1.144442872264755107e-01 9.439251862334241405e-01
3.867307748459982153e-01 8.771466902145756972e-01
4.299958960648229134e-01 7.254262201715607761e-01
1.259833174191000160e-01 8.282643850618499615e-01
1.387031400106882306e-01 8.145534217348975314e-01
1.372675873298085103e-01 8.922285824986376790e-01
1.686676613946767600e-01 6.141492612079075819e-01
1.717199754471458173e-01 5.582756872922058911e-01
1.922412087826946836e-01 6.494390414817663437e-01
2.380916119673553155e-01 6.129127098745731361e-01
2.416261243336436104e-01 6.201484420849863177e-01
1.206232302398377448e-01 3.253579408251512373e-01
8.197376709649144277e-02 3.167898340252982003e-01
1.243388745550410152e-01 3.424369381910557508e-01
5.287322307842726860e-02 4.059280578158903641e-01
1.662098808837342290e-02 4.296664112324193319e-01
6.750082309154997739e-04 4.289851837802602930e-01
4.673054956861583120e-01 5.705562059520385976e-01
6.869783966995052227e-01 7.874308925575737028e-01
4.594881267199054653e-01 7.253561602278422171e-01
4.565853647639627200e-01 7.239780379605443850e-01
4.575892807883704672e-01 7.245026130041427592e-01
5.900326631328236537e-01 7.106600589763978348e-01
5.857475055945089437e-01 7.811448795195623518e-01
5.905193706908523632e-01 7.703443299436196767e-01
5.344054442659125215e-01 7.239741709187690333e-01
5.437923143666587578e-01 6.903965633119223400e-01
3.968332469455563283e-01 9.855446214519374415e-01
4.307833741107909287e-01 9.908859563916978530e-01
4.625530136913791335e-01 1.512333951199281573e-02
4.487430668929215383e-01 1.746197420818989404e-02
4.782572929200775147e-01 6.947811367951133021e-02
1.345277079928696162e-01 2.801659945628527937e-01
1.300399419755136621e-01 2.753760598588441688e-01
1.684651903489972624e-03 1.686851798601293195e-01
5.767499582181803003e-02 2.106385574294903917e-01
1.034743591401866697e-01 1.993463603889435998e-01
3.421857755144541158e-01 9.880428988534084578e-03
2.849092814574598065e-01 1.444869540460080870e-04
3.186750652518743343e-01 1.525926092350901597e-02
3.206350324401260332e-01 1.591716024771176741e-02
5.229597427261422071e-01 6.528445671545561879e-01
5.267725408708212598e-01 6.545942914313168659e-01
1.302354265152829912e-02 9.898217132658554407e-01
3.012195560176595954e-01 7.170423243648395006e-01
2.827889052840367179e-01 6.765207154162496961e-01
2.748256232466749216e-01 6.492574656596660221e-01
3.332767669742364713e-01 6.328023370315690732e-01
1.806140323191585961e-01 7.296466934917731351e-01
2.980674572648633336e-01 7.222361162551844682e-01
3.009443711145613487e-01 7.779568623185156850e-01
4.323559802554406417e-01 8.045172077636386643e-01
4.225152766976832952e-01 7.568632987567885939e-01
3.887657089272906763e-01 8.229999800243933405e-01
3.649311841557661973e-01 8.199758329166629833e-01
3.555647511479962941e-01 7.921612458141394919e-01
2.504680976752019506e-01 8.468182277167859429e-01
2.916122485574693668e-01 7.948039663004998756e-01
2.596700034142501168e-01 8.255233433074675720e-01
3.530721772247282231e-01 8.656145878975641805e-01
3.514316053509857207e-01 8.547578921974676724e-01
9.331064257037082754e-01 7.575688395292013988e-01
6.603395702118336485e-01 5.639165633905545150e-01
9.863594092829051085e-01 6.259164297343012828e-01
9.087465006018371483e-01 6.992589021707699137e-01
6.945871823351899010e-01 3.893705003171732959e-01
8.517997863066422148e-01 9.970935929732139824e-01
6.410830532991326214e-01 9.467422809077001844e-01
6.597433051154885097e-01 7.959370431875435470e-01
5.847871144331229232e-01 7.895068255700673499e-01
6.029992596473351396e-01 9.268226799560811413e-01
6.398020998483190391e-01 9.437662669120291392e-01
4.768835298945238721e-01 2.019535894029813872e-01
4.253692905251564849e-01 2.073178827619353570e-01
3.462765226569062271e-01 3.768286506811467929e-01
3.831700563966606299e-01 3.981859496317410319e-01
3.382517612793601858e-01 4.167643088777839844e-01
3.397823800064205257e-01 4.151769393281204978e-01
4.869294619814724667e-01 4.368646436394602595e-01
6.365824251343004114e-01 2.962441152243598941e-01
6.730785352860660931e-01 3.915797909285283485e-01
6.495390586053181314e-01 3.964333021435433868e-01
9.019228322229574379e-01 9.477746374369357962e-01
7.585748413297082049e-01 8.571536642670585238e-01
8.496745536577062774e-01 8.663753266788506435e-01
6.527186807350042475e-02 8.217690105919724930e-01
6.887130730792806466e-02 8.272999635223002857e-01
9.079890458217644567e-03 7.971455233587050326e-01
2.743538255840388684e-01 2.917975995214183368e-03
4.265682539008381902e-01 1.067105845961055649e-01
4.686106356315073440e-01 9.025815693894304048e-02
4.771065637937112469e-01 1.541422412021654920e-01
5.667739397025373105e-01 6.067041729458302890e-02
5.119343223872453441e-01 8.963912594873377215e-02
4.903042001716319542e-01 1.890996790487580459e-01
4.845048080538533752e-01 1.629382325149865141e-01
6.683611989445288337e-01 1.783821787392621261e-01
6.518045705041147775e-01 1.667890654211551249e-01
8.663341960001902375e-01 4.637426109012476871e-02
8.299708630683380051e-01 1.115273469899440983e-01
7.780255707206538140e-01 1.217306967004910256e-01
7.699567024438521701e-01 3.567569288317450071e-02
1.992949066942204528e-01 2.671789755894052876e-01
1.849279382848790232e-01 2.551464729762578654e-01
4.700508705461062253e-02 9.149434095588773741e-02
3.825553566756871582e-02 1.230647195766975954e-01
1.247153871084880350e-01 1.629553034862835370e-01
2.060608932693793749e-01 1.162966569934005268e-01
3.976703903153426256e-01 9.423426785279781503e-02
3.602459506310565218e-01 8.519284416881692246e-02
3.866490476404157994e-01 1.462410737823711948e-01
3.016984930140264032e-01 1.328941179598681077e-01
8.838308389246828378e-01 6.239427774642057611e-02
9.298991529337964357e-01 3.616660643440711143e-03
5.975735062429732292e-01 6.137102826698943581e-01
5.769563074752969145e-01 5.487816668032148293e-01
5.358428403924697658e-01 5.420155723232191747e-01
4.862496720279578244e-01 5.743288496925744724e-01
4.930429638820579830e-01 5.843926279365444509e-01
9.274768813247233346e-02 9.954926523840256225e-01
8.595539535959059729e-02 9.985261295160833273e-01
3.459308359240226283e-01 6.481619471300001933e-01
3.362872550188086840e-01 7.050095442385088118e-01
4.212891190419927323e-01 6.041066831561785477e-01
4.200359085293947081e-01 7.144791321874575107e-01
2.210729415634729023e-01 8.980586742520734189e-01
2.519319649925013116e-01 8.570393275571844827e-01
3.061318086618330381e-01 8.956911057880316829e-01
3.133421230284630932e-01 9.325999293433200332e-01
2.228568546379288695e-01 9.632527553060026282e-01
9.557880870307270404e-01 7.684923750024392763e-01
9.485052329550651695e-01 7.636730325553497956e-01
9.836260325969600204e-01 6.179522743096034221e-01
9.872130269878537367e-01 6.247958831464939244e-01
9.905315374811118900e-01 8.131219656089826442e-01
7.383806942840946963e-01 5.854601359304613117e-01
7.369870814302804662e-01 5.857619304571248797e-01
6.602846172695435722e-01 5.590028219965764711e-01
6.187744271139650198e-01 5.260810220728281417e-01
6.709805415030103415e-01 4.881168818961970635e-01
6.349552344283092564e-01 4.932496686985897716e-01
6.215994764489852775e-01 5.011819336871046193e-01
8.146834004476823932e-01 6.414147083333857635e-01
7.816563933001183795e-01 6.455244196490049768e-01
8.654075178376883226e-01 7.043928067960870676e-01
8.212195283422538683e-01 7.482860011765908315e-01
7.221988596407655780e-01 2.921634069850833626e-01
6.969379928608112618e-01 2.800715527248082148e-01
6.695888196152229854e-01 2.097635049080873171e-01
6.659554024854252852e-01 2.224181005158467062e-01
7.432847127763446693e-01 9.697249966937284693e-01
7.446249931606496730e-01 9.934909721542548589e-01
6.831229184001206267e-01 9.853151097419557969e-01
6.142351329265385296e-01 9.044987865094816781e-01
5.730349955526881089e-01 8.049389631543235613e-01
5.754096009275261325e-01 8.029851080626551063e-01
4.480765654285876476e-01 3.056586845109184325e-01
3.681396127406956209e-01 2.662131102934836568e-01
3.700730673565564288e-01 3.004887124375988927e-01
4.543658308400029266e-01 5.072788201747665537e-01
4.652938712582260772e-01 4.657993191036012837e-01
3.571902472397596173e-01 4.705645354278113479e-01
3.435175070666175445e-01 4.263312717083223569e-01
5.198782271950299627e-01 3.603253737082188768e-01
5.671207942744498354e-01 3.940628847547363867e-01
5.740912148601775566e-01 4.013425927801974047e-01
6.128315045536161243e-01 3.924063936862304813e-01
6.296939212041732237e-01 3.970551086081630654e-01
6.008378210000464570e-01 4.798451305281014045e-01
5.483509227421955456e-01 4.729615891774314740e-01
5.355594133657198830e-01 4.463146730580863641e-01
4.265485640459733552e-01 3.947234985669904606e-01
4.671986795644934021e-01 3.940977694138503851e-01
4.705249253845877888e-01 3.859951877136988396e-01
4.649774453585711065e-01 3.604322220352894068e-01
9.000719748936355513e-01 9.010118698271656346e-01
9.119729687080659897e-01 9.079120535069092890e-01
9.384733958201753046e-01 9.049526694058311893e-01
9.136065850413969125e-01 8.101484236155881424e-01
9.275510019061276035e-01 7.993061214784735746e-01
9.744397128257538121e-01 8.585921455435073790e-01
9.742212410999860905e-01 8.577041880343106994e-01
8.841911918085241240e-01 8.960581454347300578e-01
8.525047895335242654e-01 8.705072526389459053e-01
7.318662473943563507e-01 8.952136099925547263e-01
6.949374023559612423e-01 8.753849119273164892e-01
6.722322183861454414e-01 9.292249937587326869e-01
7.337308811931088082e-01 9.199143850464426286e-01
6.320403677195988168e-01 8.954400410710185998e-01
6.680903607531897270e-01 8.691079878231628975e-01
6.638013955679926692e-01 8.696149348484031316e-01
6.840624279224175042e-03 7.840657150765878436e-01
1.367082321881550253e-02 7.554059338022987014e-01
1.807714735836681366e-02 7.613814082640401049e-01
4.875137615287255394e-02 9.136036589542533282e-01
3.572267858250909728e-02 8.647099112868055215e-01
4.980886495070799835e-01 1.891803370693622699e-01
5.496838844793547896e-01 1.857129702381508096e-01
5.622909273619938197e-01 1.922831958998235113e-01
5.726803408705727350e-01 5.971842285219521734e-02
5.852137632162105474e-01 8.027567737978362483e-02
6.390229779982425917e-01 1.041754691418503298e-01
6.870130470767726871e-01 7.201535490659008443e-02
6.868138345566676684e-01 7.428806899747228409e-02
5.847089199380314239e-01 1.842583944999656720e-02
7.502050420445992573e-01 1.219342471759767704e-01
7.142316992122865749e-01 1.631101041823457276e-01
7.738109246206291703e-01 1.216990097974056939e-01
7.667607522853393531e-01 1.189973643066180586e-01
7.652389129303510673e-01 2.437131840751261824e-01
1.897964913153428745e-01 2.389597148395234683e-01
2.072221172349533458e-01 1.227407350629267646e-01
1.965477054947230573e-01 1.367694213623578681e-01
1.698972619040150789e-01 6.502426622026970249e-02
1.845417944825681333e-01 9.654718103266637930e-02
1.003102761742528798e-01 4.116418741349636007e-02
9.662120952897115811e-02 7.992424983416974993e-02
4.053978956967230901e-02 7.385043898817969521e-02
9.243904977567399817e-01 8.993967818242572243e-02
6.296347137447062536e-01 5.767275739546714464e-01
5.978855507533288316e-01 6.032408940652657092e-01
5.830104487718583695e-01 5.604262446984424884e-01
7.974199931961978294e-01 5.555878128149167594e-01
8.167172528522245178e-01 5.898920375910828851e-01
8.958162194357358610e-01 5.399988203974103174e-01
9.227956997117251481e-01 5.802060857771267344e-01
6.099336227903200403e-01 6.748053835412819446e-01
6.044255389510659882e-01 6.317746328743597539e-01
5.984266995406599676e-01 6.465358769596596389e-01
6.652546413421550620e-01 5.778404574942738181e-01
6.270605661356494220e-01 6.250574360817499064e-01
7.356850820884605069e-01 5.868913356959459815e-01
7.526613862270515876e-01 6.569216778134961965e-01
7.391827181751292608e-01 6.729159532386196352e-01
7.397545103242054720e-01 6.339929823415696442e-01
6.567988999198912659e-01 7.250698160858833896e-01
6.596132123593303476e-01 6.905135530518569098e-01
6.813804533091946114e-01 6.758457700795068579e-01
7.081300106604059286e-01 3.957732934663542035e-01
7.418826119341082048e-01 4.345845230308735263e-01
7.633179270545609185e-01 4.401375724315165217e-01
7.988158872452267856e-01 5.392956453794756078e-01
8.201584875776973815e-01 4.956607087825735669e-01
8.193722408827609494e-01 5.072891516681811153e-01
8.740500144555790607e-01 4.421198591810845402e-01
9.228638271437851204e-01 4.431429544005841548e-01
9.018349920571867573e-01 2.736645660510801936e-01
7.841278715771011765e-01 2.316538224355025044e-01
8.213917300306897706e-01 1.859170306133167139e-01
7.919980720587814771e-01 2.701172759300686788e-01
8.028300698835560967e-01 2.641238378222509620e-01
7.801772898900564135e-01 2.635179980494991581e-01
7.780510471036814479e-01 2.558969919739949028e-01
4.895177126053121830e-01 3.301717615970553577e-01
5.419713488037173343e-01 3.071097326258762084e-01
5.260240664422327628e-01 3.361168667617634997e-01
4.841758038002276776e-01 2.749421441289005008e-01
4.825321612064563670e-01 2.769423719238863213e-01
4.073807724049164358e-01 3.462454733632437387e-01
4.016890752238447271e-01 3.272130636638844736e-01
4.253837625060306049e-01 3.409820962681042733e-01
4.468119573609096173e-01 3.136358315046621215e-01
4.481223568929667556e-01 3.288142329997204016e-01
9.705445177729701278e-01 9.370597305024558343e-01
9.867228905815070839e-01 9.909846218610532942e-01
9.939535656515725570e-01 9.965828807402962175e-01
8.297276917646689842e-01 8.956952499159671621e-01
7.479953938637257105e-01 9.592092766614008781e-01
7.470656515818090426e-01 9.550957962910593402e-01
8.127512077367952115e-01 9.664474648161655024e-01
8.133249920304307379e-01 9.657552199668468784e-01
6.065201954205421409e-01 2.618453505351183708e-01
5.647237026668565640e-01 1.971126023054858845e-01
6.052828277928790079e-01 2.805151256299056040e-01
5.821137754198140168e-01 3.016251759603185145e-01
5.461503282749650134e-01 2.713454342774569983e-01
5.506141982574576099e-01 3.053677171256559686e-01
5.511839701442273753e-01 3.053961078240666205e-01
6.442283329078820620e-01 1.131245053657890798e-02
6.331611110537377352e-01 1.047971848194789724e-02
2.617545500174733308e-01 2.339442668472733744e-01
3.056532993617432359e-01 2.824583879297721811e-01
2.851582238300092165e-01 2.919129822415603148e-01
2.635917399882100054e-01 2.752244304584055556e-01
3.098431413623143893e-01 1.677391266997521058e-01
2.677387281128466023e-01 2.251283266711720243e-01
2.845438033340104145e-01 1.504226958572263961e-01
2.722776895202657088e-01 1.494528244459401023e-01
3.319699230205599982e-01 2.640905983398292300e-01
3.614078166152565608e-01 2.520524467201610275e-01
3.621689074897282978e-01 2.496802569190797183e-01
9.470086856156466615e-01 1.361505725974308245e-01
9.940386356916263155e-01 1.606987959267054678e-01
6.802149969798156892e-01 6.648893112498808211e-01
6.707063562871951046e-01 6.427538130263288352e-01
7.096418521538933044e-01 6.302452080277445301e-01
7.104465677649309807e-01 6.274096450407294911e-01
6.857338661914955669e-01 5.959233502574388108e-01
7.038538555091951032e-01 5.985458225609481264e-01
7.344484178911903083e-01 6.807069669447015636e-01
7.152245021011527371e-01 6.859618963526381563e-01
8.009901348051717829e-01 7.535080752472376187e-01
7.584954772713844440e-01 7.864436919082032906e-01
7.089614483310767712e-01 7.719401544664614701e-01
7.072782310691105856e-01 7.682611913592164443e-01
7.219261649709814987e-01 4.889336350705285050e-01
7.563146569570333710e-01 5.236231752845491583e-01
6.933277761528224836e-01 5.055545742006741783e-01
7.129187789371229655e-01 5.438882204487741623e-01
6.896114089778571099e-01 5.325306244065932670e-01
7.679437583143764456e-01 3.651052402007202158e-01
8.015579321316359529e-01 2.821532749791210715e-01
7.954435753129361908e-01 2.761566223901256723e-01
8.046130978469693273e-01 4.073093701794696098e-01
8.573534415491549376e-01 4.177319016709163391e-01
8.022870327537545698e-01 3.741513009026369296e-01
8.533229024847188704e-01 3.631416282391851658e-01
8.304533129721560769e-01 3.521412725776267294e-01
9.777371940488498447e-01 3.085786492838807349e-01
9.957844418340477954e-01 1.606990869556663148e-01
8.407538047910253498e-01 1.316067527112626534e-01
8.275650550372350978e-01 1.847834761620844035e-01
9.979908672776420797e-01 3.637510468774619865e-02
8.686574939027968956e-01 2.243755637240785195e-01
8.648456628052780815e-01 1.952857958559091889e-01
9.249470137520269253e-01 1.525580379217016946e-01
8.744657700526242694e-01 1.709295939427575850e-01
9.755071685691399930e-01 3.120715515171587073e-01
8.900435800640358330e-01 3.437477512875318220e-01
9.389854841373590499e-01 4.380874783585933518e-01
9.079616812587681940e-01 3.114668091748390988e-01
9.115728865453160967e-01 3.092251176748709862e-01
9.899099197509770853e-01 4.375931505415889822e-01
8.966432085593210033e-01 2.467631942950563873e-01
8.843922018948930930e-01 2.309611541356273445e-01
9.102895785323209532e-01 2.113489444627951463e-01
9.557472874105251703e-01 2.355003292695939943e-01
9.593060667496474681e-01 2.176579459945977291e-01
9.930890270849097590e-01 3.751485902637602399e-01
