8 	 11
11 	 8
8 	 17
17 	 8
9 	 10
10 	 9
9 	 16
16 	 9
10 	 11
11 	 10
16 	 17
17 	 16
22 	 23
23 	 22
22 	 24
24 	 22
23 	 26
26 	 23
24 	 25
25 	 24
25 	 27
27 	 25
26 	 27
27 	 26
5 	 23
23 	 5
5 	 9
9 	 5
10 	 26
26 	 10
2 	 21
21 	 2
2 	 27
27 	 2
21 	 25
25 	 21
7 	 22
22 	 7
7 	 30
30 	 7
24 	 31
31 	 24
30 	 31
31 	 30
19 	 32
32 	 19
19 	 20
20 	 19
20 	 21
21 	 20
31 	 32
32 	 31
7 	 36
36 	 7
13 	 14
14 	 13
13 	 34
34 	 13
14 	 33
33 	 14
30 	 33
33 	 30
34 	 36
36 	 34
5 	 6
6 	 5
6 	 35
35 	 6
35 	 36
36 	 35
3 	 265
3 	 90
44 	 47
47 	 44
44 	 46
46 	 44
46 	 47
47 	 46
4 	 58
58 	 4
4 	 19
19 	 4
20 	 57
57 	 20
57 	 58
58 	 57
67 	 68
68 	 67
67 	 69
69 	 67
68 	 70
70 	 68
69 	 71
71 	 69
70 	 71
71 	 70
34 	 67
67 	 34
35 	 68
68 	 35
1 	 28
28 	 1
1 	 12
12 	 1
12 	 13
13 	 12
28 	 69
69 	 28
6 	 70
70 	 6
16 	 29
29 	 16
29 	 71
71 	 29
72 	 74
74 	 72
72 	 73
73 	 72
73 	 399
74 	 75
75 	 74
75 	 76
76 	 75
76 	 77
77 	 76
77 	 399
4 	 74
74 	 4
32 	 75
75 	 32
33 	 76
76 	 33
14 	 194
77 	 393
42 	 50
50 	 42
42 	 80
80 	 42
50 	 82
82 	 50
80 	 82
82 	 80
83 	 87
87 	 83
83 	 85
85 	 83
84 	 85
85 	 84
84 	 86
86 	 84
86 	 87
87 	 86
43 	 45
45 	 43
43 	 89
89 	 43
44 	 45
45 	 44
47 	 88
88 	 47
88 	 89
89 	 88
3 	 41
41 	 3
41 	 49
49 	 41
43 	 48
48 	 43
48 	 49
49 	 48
89 	 91
38 	 73
73 	 38
38 	 54
54 	 38
54 	 94
94 	 54
72 	 93
93 	 72
93 	 94
94 	 93
37 	 38
38 	 37
37 	 95
95 	 37
54 	 96
96 	 54
95 	 96
96 	 95
94 	 97
97 	 94
96 	 97
97 	 96
80 	 86
86 	 80
81 	 82
82 	 81
81 	 102
102 	 81
87 	 103
103 	 87
102 	 103
103 	 102
28 	 106
106 	 28
29 	 107
107 	 29
106 	 107
107 	 106
17 	 108
108 	 17
107 	 108
108 	 107
1 	 18
18 	 1
18 	 109
109 	 18
105 	 106
106 	 105
105 	 110
110 	 105
109 	 110
110 	 109
112 	 113
113 	 112
112 	 114
114 	 112
113 	 116
116 	 113
114 	 115
115 	 114
115 	 116
116 	 115
48 	 112
112 	 48
49 	 50
50 	 49
63 	 113
113 	 63
63 	 81
81 	 63
45 	 62
62 	 45
62 	 114
114 	 62
18 	 65
65 	 18
65 	 117
117 	 65
109 	 119
119 	 109
117 	 119
119 	 117
110 	 111
111 	 110
111 	 118
118 	 111
118 	 119
119 	 118
111 	 116
116 	 111
115 	 121
121 	 115
118 	 121
121 	 118
62 	 120
120 	 62
120 	 121
121 	 120
37 	 379
41 	 131
131 	 41
128 	 340
128 	 132
132 	 128
131 	 132
132 	 131
88 	 98
12 	 15
15 	 12
15 	 146
146 	 15
64 	 65
65 	 64
64 	 147
147 	 64
146 	 147
147 	 146
99 	 189
99 	 149
149 	 99
149 	 190
150 	 152
152 	 150
150 	 151
151 	 150
151 	 152
152 	 151
52 	 92
92 	 52
52 	 55
55 	 52
55 	 56
56 	 55
56 	 150
150 	 56
92 	 151
151 	 92
52 	 91
91 	 52
90 	 91
91 	 90
90 	 153
153 	 90
92 	 154
154 	 92
153 	 154
154 	 153
152 	 156
156 	 152
154 	 156
156 	 154
55 	 98
98 	 55
91 	 89
98 	 88
98 	 101
101 	 98
99 	 100
100 	 99
100 	 101
101 	 100
58 	 163
163 	 58
93 	 164
164 	 93
163 	 164
164 	 163
95 	 380
166 	 380
97 	 167
167 	 97
166 	 167
167 	 166
56 	 169
169 	 56
101 	 170
170 	 101
169 	 170
170 	 169
133 	 134
134 	 133
133 	 155
155 	 133
134 	 171
171 	 134
155 	 156
156 	 155
169 	 171
171 	 169
100 	 172
172 	 100
170 	 172
172 	 170
59 	 61
61 	 59
59 	 104
104 	 59
60 	 180
180 	 60
60 	 61
61 	 60
104 	 181
181 	 104
180 	 181
181 	 180
51 	 274
51 	 60
60 	 51
180 	 276
182 	 183
183 	 182
182 	 184
184 	 182
183 	 185
185 	 183
184 	 185
185 	 184
105 	 183
183 	 105
108 	 182
182 	 108
0 	 8
8 	 0
0 	 184
184 	 0
63 	 185
185 	 63
0 	 78
78 	 0
78 	 178
178 	 78
102 	 179
179 	 102
178 	 179
179 	 178
186 	 187
187 	 186
186 	 190
190 	 186
187 	 188
188 	 187
188 	 189
189 	 188
189 	 99
190 	 149
64 	 66
66 	 64
66 	 186
186 	 66
117 	 187
187 	 117
51 	 190
190 	 51
61 	 66
66 	 61
120 	 188
188 	 120
46 	 189
189 	 46
122 	 192
192 	 122
122 	 125
125 	 122
124 	 125
125 	 124
124 	 253
192 	 253
191 	 192
192 	 191
191 	 252
191 	 195
195 	 191
195 	 148
39 	 141
141 	 39
39 	 200
200 	 39
141 	 142
142 	 141
142 	 201
201 	 142
200 	 201
201 	 200
39 	 126
126 	 39
126 	 207
207 	 126
140 	 141
141 	 140
140 	 208
208 	 140
207 	 208
208 	 207
211 	 213
213 	 211
211 	 212
212 	 211
212 	 263
213 	 339
212 	 162
128 	 213
213 	 128
42 	 215
215 	 42
131 	 214
214 	 131
214 	 215
215 	 214
84 	 130
130 	 84
130 	 216
216 	 130
215 	 216
216 	 215
220 	 221
221 	 220
220 	 222
222 	 220
221 	 223
223 	 221
222 	 223
223 	 222
11 	 222
222 	 11
78 	 220
220 	 78
2 	 137
137 	 2
137 	 223
223 	 137
226 	 231
231 	 226
226 	 227
227 	 226
227 	 228
228 	 227
228 	 229
229 	 228
229 	 230
230 	 229
230 	 231
231 	 230
142 	 228
228 	 142
201 	 202
202 	 201
202 	 229
229 	 202
176 	 177
177 	 176
176 	 199
199 	 176
177 	 230
230 	 177
199 	 202
202 	 199
139 	 231
231 	 139
139 	 221
221 	 139
177 	 178
178 	 177
136 	 138
138 	 136
136 	 232
232 	 136
137 	 138
138 	 137
139 	 233
233 	 139
232 	 233
233 	 232
224 	 225
225 	 224
224 	 234
234 	 224
225 	 226
226 	 225
233 	 234
234 	 233
236 	 237
237 	 236
236 	 239
239 	 236
237 	 238
238 	 237
238 	 241
241 	 238
239 	 240
240 	 239
240 	 242
242 	 240
241 	 242
242 	 241
40 	 206
206 	 40
40 	 239
239 	 40
122 	 240
240 	 122
125 	 205
205 	 125
205 	 206
206 	 205
195 	 242
242 	 195
40 	 145
145 	 40
145 	 244
244 	 145
236 	 243
243 	 236
243 	 244
244 	 243
245 	 248
248 	 245
245 	 246
246 	 245
246 	 250
250 	 246
247 	 249
249 	 247
247 	 248
248 	 247
249 	 251
251 	 249
250 	 251
251 	 250
79 	 246
246 	 79
79 	 129
129 	 79
129 	 250
250 	 129
132 	 247
247 	 132
214 	 249
249 	 214
216 	 251
251 	 216
129 	 130
130 	 129
252 	 191
252 	 254
254 	 252
253 	 254
254 	 253
253 	 192
148 	 195
148 	 252
252 	 148
15 	 254
254 	 15
146 	 148
148 	 146
253 	 124
255 	 256
256 	 255
255 	 324
256 	 241
59 	 255
255 	 59
147 	 256
256 	 147
104 	 326
153 	 260
260 	 153
155 	 257
257 	 155
257 	 258
258 	 257
258 	 261
261 	 258
260 	 261
261 	 260
158 	 259
259 	 158
158 	 262
262 	 158
258 	 259
259 	 258
261 	 262
262 	 261
90 	 3
260 	 265
265 	 260
265 	 3
159 	 162
162 	 159
159 	 127
162 	 212
53 	 159
159 	 53
53 	 173
173 	 53
173 	 174
174 	 173
174 	 143
263 	 212
162 	 269
269 	 162
263 	 264
264 	 263
264 	 266
266 	 264
266 	 269
269 	 266
157 	 158
158 	 157
157 	 267
267 	 157
262 	 264
264 	 262
266 	 267
267 	 266
157 	 209
209 	 157
209 	 270
270 	 209
267 	 270
270 	 267
53 	 160
160 	 53
160 	 161
161 	 160
161 	 268
268 	 161
268 	 269
269 	 268
164 	 271
271 	 164
167 	 273
273 	 167
271 	 273
273 	 271
274 	 275
275 	 274
274 	 276
276 	 274
275 	 277
277 	 275
276 	 277
277 	 276
149 	 168
168 	 149
274 	 51
168 	 275
275 	 168
165 	 166
166 	 165
165 	 277
277 	 165
168 	 272
272 	 168
272 	 273
273 	 272
165 	 278
278 	 165
278 	 383
280 	 282
282 	 280
280 	 281
281 	 280
281 	 282
282 	 281
123 	 198
198 	 123
123 	 280
280 	 123
176 	 282
282 	 176
198 	 199
199 	 198
175 	 179
179 	 175
175 	 281
281 	 175
181 	 278
196 	 283
283 	 196
196 	 204
204 	 196
203 	 204
204 	 203
203 	 284
284 	 203
283 	 284
284 	 283
124 	 194
194 	 124
193 	 194
194 	 193
193 	 286
286 	 193
203 	 205
205 	 203
284 	 286
286 	 284
83 	 287
287 	 83
103 	 289
289 	 103
287 	 289
289 	 287
175 	 288
288 	 175
288 	 289
289 	 288
123 	 290
290 	 123
288 	 291
291 	 288
290 	 291
291 	 290
196 	 197
197 	 196
197 	 292
292 	 197
204 	 293
293 	 204
292 	 295
295 	 292
293 	 295
295 	 293
85 	 296
296 	 85
287 	 297
297 	 287
296 	 297
297 	 296
283 	 302
302 	 283
285 	 304
304 	 285
285 	 286
286 	 285
302 	 304
304 	 302
285 	 306
306 	 285
303 	 304
304 	 303
303 	 305
305 	 303
305 	 306
306 	 305
268 	 308
308 	 268
270 	 313
313 	 270
308 	 313
313 	 308
161 	 309
309 	 161
308 	 309
309 	 308
207 	 312
312 	 207
208 	 210
210 	 208
209 	 210
210 	 209
312 	 313
313 	 312
314 	 318
318 	 314
314 	 316
316 	 314
315 	 316
316 	 315
315 	 317
317 	 315
317 	 318
318 	 317
224 	 316
316 	 224
234 	 235
235 	 234
235 	 314
314 	 235
319 	 320
320 	 319
319 	 321
321 	 319
320 	 322
322 	 320
321 	 323
323 	 321
322 	 323
323 	 322
135 	 138
138 	 135
135 	 219
219 	 135
136 	 319
319 	 136
219 	 320
320 	 219
232 	 321
321 	 232
217 	 322
322 	 217
217 	 218
218 	 217
218 	 219
219 	 218
235 	 323
323 	 235
217 	 318
318 	 217
241 	 256
238 	 324
324 	 238
324 	 255
143 	 174
143 	 237
237 	 143
324 	 325
325 	 324
325 	 174
127 	 159
127 	 143
143 	 127
327 	 331
331 	 327
327 	 329
329 	 327
328 	 329
329 	 328
328 	 330
330 	 328
330 	 331
331 	 330
243 	 331
331 	 243
244 	 327
327 	 244
144 	 245
245 	 144
144 	 145
145 	 144
248 	 329
329 	 248
211 	 328
328 	 211
127 	 330
330 	 127
332 	 333
333 	 332
332 	 334
334 	 332
333 	 336
336 	 333
334 	 335
335 	 334
335 	 338
338 	 335
336 	 337
337 	 336
337 	 338
338 	 337
210 	 332
332 	 210
259 	 333
333 	 259
140 	 334
334 	 140
257 	 336
336 	 257
227 	 335
335 	 227
225 	 338
338 	 225
133 	 317
317 	 133
315 	 337
337 	 315
339 	 213
340 	 128
339 	 340
340 	 339
263 	 339
339 	 263
265 	 340
340 	 265
163 	 344
344 	 163
271 	 341
341 	 271
341 	 344
344 	 341
57 	 343
343 	 57
135 	 342
342 	 135
342 	 343
343 	 342
343 	 344
344 	 343
345 	 347
347 	 345
345 	 351
351 	 345
346 	 349
349 	 346
346 	 348
348 	 346
347 	 348
348 	 347
349 	 350
350 	 349
350 	 351
351 	 350
171 	 345
345 	 171
172 	 347
347 	 172
134 	 351
351 	 134
341 	 346
346 	 341
342 	 349
349 	 342
272 	 348
348 	 272
218 	 350
350 	 218
174 	 325
194 	 14
354 	 355
355 	 354
354 	 356
356 	 354
355 	 358
358 	 355
356 	 357
357 	 356
357 	 359
359 	 357
358 	 359
359 	 358
291 	 355
355 	 291
297 	 298
298 	 297
298 	 354
354 	 298
290 	 358
358 	 290
293 	 294
294 	 293
294 	 356
356 	 294
295 	 357
357 	 295
292 	 359
359 	 292
360 	 361
361 	 360
360 	 362
362 	 360
361 	 365
365 	 361
362 	 363
363 	 362
363 	 364
364 	 363
364 	 365
365 	 364
294 	 360
360 	 294
298 	 361
361 	 298
206 	 362
362 	 206
296 	 365
365 	 296
144 	 363
363 	 144
79 	 364
364 	 79
366 	 367
367 	 366
366 	 368
368 	 366
367 	 369
369 	 367
368 	 370
370 	 368
369 	 370
370 	 369
300 	 301
301 	 300
300 	 366
366 	 300
301 	 303
303 	 301
302 	 367
367 	 302
126 	 299
299 	 126
200 	 368
368 	 200
299 	 300
300 	 299
197 	 369
369 	 197
198 	 370
370 	 198
299 	 371
371 	 299
310 	 312
312 	 310
310 	 373
373 	 310
371 	 373
373 	 371
374 	 376
376 	 374
374 	 375
375 	 374
375 	 377
377 	 375
376 	 378
378 	 376
377 	 378
378 	 377
301 	 374
374 	 301
371 	 376
376 	 371
305 	 375
375 	 305
372 	 373
373 	 372
372 	 378
378 	 372
380 	 166
380 	 95
160 	 381
381 	 160
309 	 382
382 	 309
381 	 382
382 	 381
325 	 326
326 	 325
326 	 104
326 	 383
278 	 181
276 	 180
383 	 278
383 	 326
279 	 383
383 	 279
279 	 352
352 	 279
352 	 353
353 	 352
353 	 380
380 	 353
173 	 279
279 	 173
310 	 311
311 	 310
311 	 384
384 	 311
382 	 385
385 	 382
384 	 385
385 	 384
381 	 387
387 	 381
385 	 387
387 	 385
352 	 386
386 	 352
386 	 387
387 	 386
306 	 390
390 	 306
377 	 389
389 	 377
389 	 390
390 	 389
372 	 391
391 	 372
389 	 391
391 	 389
193 	 393
393 	 193
390 	 393
393 	 390
307 	 311
311 	 307
307 	 392
392 	 307
391 	 392
392 	 391
394 	 395
395 	 394
394 	 397
397 	 394
395 	 396
396 	 395
396 	 398
398 	 396
397 	 398
398 	 397
307 	 394
394 	 307
384 	 395
395 	 384
379 	 388
388 	 379
379 	 397
397 	 379
388 	 392
392 	 388
386 	 396
396 	 386
353 	 398
398 	 353
379 	 37
399 	 73
399 	 77
388 	 399
399 	 388
393 	 77
