277	276	274	275	
144	363	362	206	40	145	
331	327	244	243	
243	244	145	40	239	236	
65	18	109	119	117	
57	58	163	344	343	
125	122	240	239	40	206	205	
245	144	145	244	327	329	248	
246	79	364	363	144	245	
250	129	79	246	
66	64	65	117	187	186	
33	14	194	193	393	77	76	
67	69	28	1	12	13	34	
44	47	46	
270	209	157	267	
313	312	207	208	210	209	270	
111	110	105	183	185	63	113	116	
118	119	109	110	111	
106	105	110	109	18	1	28	
24	31	32	19	20	21	25	
32	75	74	4	19	
19	4	58	57	20	
31	30	33	76	75	32	
169	171	345	347	172	170	
171	134	351	345	
42	50	82	80	
113	63	81	82	50	49	48	112	
16	9	10	11	8	17	
26	23	22	24	25	27	
26	10	9	5	23	
25	21	2	27	
31	24	22	7	30	
34	13	14	33	30	7	36	
36	7	22	23	5	6	35	
350	349	346	348	347	345	351	
220	222	223	221	
223	137	138	136	232	233	139	221	
108	17	8	0	184	182	
8	11	222	220	78	0	
273	272	348	346	341	271	
94	97	167	273	271	164	93	
54	96	97	94	
96	54	38	37	95	
95	380	166	167	97	96	
397	398	353	380	95	37	379	
394	395	396	398	397	
177	178	78	220	221	139	231	230	
64	147	146	15	12	1	18	65	
66	61	59	255	256	147	64	
260	265	3	90	153	
341	344	163	164	271	
360	362	363	364	365	361	
216	251	249	214	215	
249	247	132	131	214	
214	131	41	49	50	42	215	
251	250	246	245	248	247	249	
216	130	129	250	251	
215	42	80	86	84	130	216	
203	284	286	193	194	124	125	205	
121	115	114	62	120	
115	116	113	112	114	
114	112	48	43	45	62	
121	118	111	116	115	
62	45	44	46	189	188	120	
120	188	187	117	119	118	121	
192	253	254	252	191	
67	34	36	35	68	
11	10	26	27	2	137	223	222	
148	252	254	15	146	
195	191	252	148	
384	385	387	386	396	395	
386	352	353	398	396	
395	394	307	311	384	
174	143	127	159	53	173	
341	346	349	342	343	344	
158	259	258	261	262	
377	375	374	376	378	
377	389	390	306	305	375	
301	374	375	305	303	
300	299	371	376	374	301	
391	389	377	378	372	
372	378	376	371	373	
152	151	92	154	156	
152	150	151	
151	150	56	55	52	92	
154	153	260	261	258	257	155	156	
336	257	258	259	333	
83	287	297	296	85	
297	298	361	365	296	
85	84	86	87	83	
182	184	185	183	
71	69	67	68	70	
68	35	6	70	
70	6	5	9	16	29	71	
399	73	72	74	75	76	77	
306	390	393	193	286	285	
388	392	307	394	397	379	
372	373	310	311	307	392	391	
54	94	93	72	73	38	
38	73	399	388	379	37	
219	135	342	349	350	218	
343	342	135	138	137	2	21	20	57	
72	93	164	163	58	4	74	
317	318	217	218	350	351	134	133	
338	225	224	316	315	337	
224	234	235	314	316	
225	226	231	139	233	234	224	
316	314	318	317	315	
88	47	44	45	43	89	
91	90	3	41	49	48	43	89	
226	227	228	229	230	231	
212	263	264	266	269	162	
161	309	308	268	
308	313	270	267	266	269	268	
122	192	191	195	242	240	
296	365	364	79	129	130	84	85	
371	299	126	207	312	310	373	
305	306	285	304	303	
289	287	83	87	103	
102	103	87	86	80	82	81	
253	124	194	14	13	12	15	254	
122	125	124	253	192	
140	208	207	126	39	141	
334	140	141	142	228	227	335	
304	285	286	284	283	302	
196	283	284	203	204	
29	107	106	28	69	71	
108	107	29	16	17	
182	183	105	106	107	108	
238	241	256	255	324	
241	242	195	148	146	147	256	
238	237	236	239	240	242	241	
160	53	173	279	352	386	387	381	
381	387	385	382	
187	186	190	149	99	189	188	
356	294	360	361	298	354	
134	171	169	56	150	152	156	155	133	
167	166	165	277	275	168	272	273	
366	300	301	303	304	302	367	
209	210	332	333	259	158	157	
157	158	262	264	266	267	
368	200	39	126	299	300	366	
176	177	230	229	202	199	
199	202	201	200	368	370	198	
334	332	210	208	140	
142	201	202	229	228	
141	39	200	201	142	
335	227	226	225	338	
102	81	63	185	184	0	78	178	179	
320	319	136	138	135	219	
319	321	232	136	
388	399	77	393	390	389	391	392	
131	41	3	265	340	128	132	
323	321	319	320	322	
323	235	234	233	232	321	
320	219	218	217	322	
322	217	318	314	235	323	
335	338	337	336	333	332	334	
55	52	91	89	88	98	
53	160	161	268	269	162	159	
261	260	265	340	339	263	264	262	
288	289	103	102	179	175	
291	355	354	298	297	287	289	288	
101	170	172	100	
88	47	46	189	99	100	101	98	
295	292	197	196	204	293	
357	359	292	295	
204	203	205	206	362	360	294	293	
293	294	356	357	295	
353	352	279	383	278	165	166	380	
197	369	367	302	283	196	
369	370	368	366	367	
154	92	52	91	90	153	
170	101	98	55	56	169	
60	61	66	186	190	51	
51	274	275	168	149	190	
348	272	168	149	99	100	172	347	
181	104	59	61	60	180	
276	274	51	60	180	
385	384	311	310	312	313	308	309	382	
339	213	211	212	263	
213	128	340	339	
255	59	104	326	325	324	
143	174	325	324	238	237	
236	237	143	127	330	331	243	
211	212	162	159	127	330	328	
327	331	330	328	329	
329	328	211	213	128	132	247	248	
337	315	317	133	155	257	336	
382	309	161	160	381	
281	282	280	
176	282	281	175	179	178	177	
358	355	291	290	
290	291	288	175	281	280	123	
123	280	282	176	199	198	
358	359	357	356	354	355	
290	123	198	370	369	197	292	359	358	
383	326	325	174	173	279	
278	181	104	326	383	
165	277	276	180	181	278	
339	263	212	211	213	
