1.325756201654895994e-01 7.838774881914697401e-01
2.289942648765861399e-01 9.146781446006295724e-01
2.232949391405548434e-01 9.437537051964625112e-01
7.345400831857364921e-01 8.770843636567903223e-01
5.831490135719800127e-01 9.662619622676045239e-01
7.059974430112722077e-01 8.271324568540209254e-01
7.771180540175441909e-01 4.693549600590102289e-01
7.442578253619588358e-01 4.557813417576104253e-01
1.779383184299570542e-01 3.219567598700058819e-01
9.517146484655579497e-02 7.976188708934562888e-01
4.947475542203610965e-01 9.243392614733998425e-01
7.348701391120923132e-01 9.011389072410984635e-01
5.847490244105920665e-01 9.684514004842446067e-01
5.613088622270935302e-01 6.277384286651600531e-01
5.348143641574816254e-01 5.665889263114384233e-01
6.047406395108388955e-01 5.601914130501675082e-01
7.810329009995283789e-01 5.475548609357677732e-01
8.668989624971724650e-01 6.942235889240374602e-01
6.944448351296270694e-01 6.226647416183140882e-01
7.067726476255073997e-01 6.655181874551893140e-01
9.119035487016915464e-01 8.653075218559262982e-01
9.446671329429188191e-01 4.168337973730217860e-01
9.496727199657954976e-01 3.966701750197397236e-01
2.568533712548490833e-01 2.410740244267259302e-02
2.237081938949414261e-01 1.249363982656934713e-01
4.799664546178619151e-01 1.332893297599773430e-01
3.297436981268920819e-01 3.649653367965413620e-01
3.972310350469145934e-01 2.412712036756821110e-01
3.466736149594738525e-01 3.683515021512723253e-01
8.816995024935077307e-02 1.687194299457414337e-01
1.350587927039117453e-01 1.996869815290929773e-01
1.329240469851636353e-01 2.799704487073937931e-01
1.388224737016275356e-01 7.322834797167452336e-01
3.822794274315559626e-01 6.498573677774731605e-01
7.294059361725435675e-02 5.849329238542275711e-01
1.061572861527702166e-01 6.088991577768991803e-01
1.191642404220844137e-01 6.068828745977666861e-01
1.650520980771654767e-01 4.523726459968215874e-01
2.725112992201543516e-02 7.814939041412111154e-01
4.832016519435503032e-01 8.857045985154397005e-01
5.896880770964967322e-01 6.684039525642626600e-01
6.812298198814572547e-01 6.973484995187445579e-01
5.907265266132428749e-01 7.957475726105315283e-01
6.598985055219208640e-01 8.137729266763642499e-01
6.711620017829136309e-01 8.123747962531875366e-01
9.130635104052392537e-01 8.668477942974802675e-01
9.244849516829769520e-01 8.700105456966233941e-01
8.901564992662800435e-01 7.585001005650475747e-01
8.660466077392063866e-01 7.030858532969558317e-01
8.669192759135654347e-01 6.942390229697086301e-01
8.770696965403362855e-01 2.691437372434214437e-01
6.163370712835932741e-01 4.073910906807388932e-02
7.220703416847857881e-01 7.563720789098789254e-02
7.370352821449309699e-01 2.463474621925603736e-01
7.136868495679041802e-01 1.491645465054765585e-01
6.641049998669636967e-01 3.380899834820282335e-01
3.654593296387483869e-01 4.036964498421267145e-01
2.486038064291600791e-01 5.213281009010627409e-01
4.705438065008847315e-01 5.385462454440083091e-01
3.849106218489793396e-01 6.446948313587076429e-01
5.705048476613316932e-01 7.987918611294018145e-01
5.094058345394039122e-01 8.576730094444376951e-01
5.256988346932749412e-01 7.551184305791637241e-01
4.575892807883704672e-01 7.245026130041427592e-01
3.822239526200965631e-01 8.741943544984508430e-01
4.450467503596615693e-01 8.659726514952679199e-01
2.887080925502922280e-01 8.686624654364993869e-01
3.325108932688859431e-01 7.200629506542725045e-01
3.815456662743247906e-01 6.608673544826647595e-01
4.107819801234106061e-01 7.000444499804716614e-01
9.985075526773918853e-01 9.067091121494447181e-01
8.886115961584636347e-01 9.212047978606849874e-01
9.836101362767138978e-01 6.128815133087136546e-01
7.668371436969679822e-01 4.257126803190258713e-02
4.157253619383769472e-01 4.233982553126967863e-02
3.980199042715791835e-01 3.829316826090529979e-02
5.617119355208266551e-01 1.924480969476041747e-01
4.787778268844367080e-01 1.594107486549149466e-01
4.457038432404689665e-01 2.109449754402517030e-01
6.558309711936439745e-01 3.382159219115070670e-01
2.953907680603261032e-01 4.647343201409060431e-01
2.495695059894189882e-01 5.181944713546425829e-01
2.117354637893821001e-01 4.630127237252452677e-01
2.067269276001496570e-01 4.649446631304359201e-01
1.736667795810448861e-02 7.729288053175165096e-01
1.075869878288565895e-01 9.647096732858061463e-01
3.393569735681060268e-02 9.658757867557794530e-01
7.770725574814778547e-01 4.240845658653668443e-02
9.450489381305183789e-01 1.135975065817817070e-01
9.650638078397502095e-01 1.063334003635795638e-01
9.712675701581833243e-01 8.618992460254260024e-02
6.032839433960904829e-01 3.564427351415122569e-01
5.192766742944827651e-01 2.934761594740730173e-01
4.642546781326910010e-01 5.043202862949631715e-01
4.022814106434161041e-01 4.377423368378916546e-01
2.585316576395638166e-02 5.730789092399490858e-01
