69	65	64	66	67	68	
8	31	30	24	27	28	26	
7	55	53	50	22	21	6	
34	95	21	22	31	8	37	
37	8	26	82	83	
9	70	46	38	
5	48	47	20	3	
20	47	84	38	46	45	
93	94	92	91	
18	16	17	19	
18	15	7	6	16	
59	33	36	57	
1	0	32	67	66	
95	34	35	32	0	9	38	84	72	
35	36	33	68	67	32	
81	83	82	80	
80	82	26	28	56	
56	28	27	78	92	94	
79	91	92	78	77	76	
53	55	79	76	54	
62	13	40	42	60	
43	42	40	41	44	
11	12	4	43	44	5	3	
2	23	75	64	66	1	
16	6	21	95	72	49	17	
47	48	49	72	84	
30	24	23	2	85	29	
83	81	57	36	35	34	37	
17	49	48	5	44	41	19	
61	63	62	60	
39	65	69	63	61	
62	63	69	68	33	59	58	14	13	
52	73	11	12	51	
51	12	4	10	74	25	
77	78	27	24	23	75	74	25	
40	13	14	15	18	19	41	
87	88	50	53	54	52	73	
87	71	45	20	3	11	73	
77	25	51	52	54	76	
14	58	93	91	79	55	7	15	
42	43	4	10	39	61	60	
39	65	64	75	74	10	
9	0	1	2	85	86	70	
56	94	93	58	59	57	81	80	
90	71	87	88	89	
90	86	70	46	45	71	
89	29	30	31	22	50	88	
89	29	85	86	90	
